agents_total_accumulated_waiting_time: 921.0
agents_total_stopped: 13
step: 1000.0
system_mean_speed: 5.078995634479444
system_mean_waiting_time: 40.04347826086956
system_total_stopped: 13
system_total_waiting_time: 921.0
t_accumulated_waiting_time: 921.0
t_average_speed: 0.02218788064348854
t_stopped: 13
